w1	w2	w3	x0	x1	x2	x3	x4	x5	x6	F1	F2	F3	F0
0.0	0.0	1.0	175.27472526921179	2.6021922394647845e-09	224.72527472818612	9.91576598607935e-10	249.99999999900854	789.0109890284341	58.24175822827202	-570000.0000000804	789.0109890284341	58.24175822827202	7.172121737104987e-07
0.0	0.1	0.9	175.2747252664108	3.9229348658409435e-09	224.7252747296664	1.4979661955294432e-09	249.99999999850215	789.0109890372981	58.24175822142047	-570000.0000001212	789.0109890372981	58.24175822142047	6.469862553010443e-07
0.0	0.2	0.8	175.2747252755205	0.0	224.72527472485257	0.0	250.00000000014828	789.0109890084701	58.24175824370394	-569999.9999999887	789.0109890084701	58.24175824370394	5.763439223302428e-07
0.0	0.3	0.7	175.27472527400346	3.3789149256335804e-10	224.72527472565864	1.3633894013764802e-10	249.99999999986392	789.010989013277	58.241758239992194	-570000.00000001	789.010989013277	58.241758239992194	5.060850614166145e-07
0.0	0.4	0.6	175.27472526860532	2.8847182420577155e-09	224.72527472851016	1.1091003671026556e-09	249.9999999988911	789.0109890303586	58.241758226787596	-570000.0000000887	789.0109890303586	58.241758226787596	4.359038074485434e-07
0.0	0.5	0.5	175.2747252690576	2.6744544356915867e-09	224.725274728268	1.0203109468420735e-09	249.99999999897972	789.0109890289226	58.24175822789479	-570000.0000000827	789.0109890289226	58.24175822789479	3.655617488898084e-07
0.0	0.6	0.4	175.2747252723476	1.1204264183106716e-09	224.725274726532	4.317826096666977e-10	249.9999999995685	789.0109890185147	58.241758235942115	-570000.0000000343	789.0109890185147	58.241758235942115	2.951830148316745e-07
0.0	0.7	0.3	175.27472528091695	0.0	224.72527472200198	0.0	250.00000000112107	789.0109889913938	58.241758256904426	-569999.99999991	789.0109889913938	58.241758256904426	2.247828563890241e-07
0.0	0.8	0.2	175.2747252602184	6.844629751867615e-09	224.725274732937	2.613347760416218e-09	249.9999999973869	789.0109890568921	58.2417582062735	-570000.0000002115	789.0109890568921	58.2417582062735	1.5461349547878803e-07
0.0	0.9	0.1	175.2747252740164	3.340119292261079e-10	224.72527472564963	1.2894929568574298e-10	249.99999999987125	789.0109890132327	58.241758240024446	-570000.0000000102	789.0109890132327	58.241758240024446	8.423329812845848e-08
0.0	1.0	0.0	151.76552999226783	8.404018072682344	239.83045193504984	10.310599845356705	239.6894001546433	867.3021939242249	7.105427357601002e-15	-569904.6709113662	867.3021939242249	7.105427357601002e-15	-0.09922699927405942
0.1	0.0	0.9	175.27472528028866	0.0	224.72527472233682	0.0	250.00000000100104	789.0109889933861	58.24175825536675	-569999.9999999187	789.0109889933861	58.24175825536675	6.450722521461968e-07
0.1	0.1	0.8	175.27472526644348	3.911722501470649e-09	224.72527472964498	1.4826753158558859e-09	249.99999999851747	789.0109890371889	58.241758221501414	-570000.0000001214	789.0109890371889	58.241758221501414	5.752521972498008e-07
0.1	0.2	0.7	175.2747252761164	0.0	224.72527472454513	0.0	250.00000000023894	789.0109890065949	58.24175824515983	-569999.9999999788	789.0109890065949	58.24175824515983	5.046321747759906e-07
0.1	0.3	0.6	175.27472526216812	5.925159030084615e-09	224.72527473190684	2.26103225031693e-09	249.99999999773894	789.0109890507221	58.24175821104258	-570000.0000001832	789.0109890507221	58.24175821104258	4.346679974641025e-07
0.1	0.4	0.5	175.2747252661996	4.022524535685079e-09	224.72527472977805	1.5361649730039062e-09	249.99999999846398	789.0109890379667	58.24175822090377	-570000.0000001242	789.0109890379667	58.24175822090377	3.642267181529085e-07
0.1	0.5	0.4	175.27472527758724	0.0	224.72527472376402	0.0	250.00000000051364	789.0109890019347	58.241758248758785	-569999.9999999581	789.0109890019347	58.241758248758785	2.937136865904561e-07
0.1	0.6	0.3	175.27472526360935	5.245098577688623e-09	224.7252747311457	2.001655730055063e-09	249.99999999799851	789.0109890461621	58.241758214567994	-570000.000000162	789.0109890461621	58.241758214567994	2.235640677647494e-07
0.1	0.7	0.2	175.274725276073	0.0	224.7252747245596	0.0	250.00000000025034	789.0109890067201	58.24175824505575	-569999.9999999808	789.0109890067201	58.24175824505575	1.531378874694197e-07
0.1	0.8	0.1	175.27472527924905	0.0	224.72527472288516	0.0	250.0000000008156	789.0109889966747	58.24175825282398	-569999.999999934	789.0109889966747	58.24175825282398	8.283562538770656e-08
0.1	0.9	0.0	151.7888086976204	8.185198242368283	240.02599306001133	10.776173952407905	239.2238260475921	867.5303252366799	0.0	-569870.451214498	867.5303252366799	0.0	-0.08958724940751739
0.2	0.0	0.8	175.27472526621528	4.012193244307127e-09	224.7252747297727	1.5400445363411563e-09	249.99999999846008	789.0109890379214	58.24175822094132	-570000.0000001235	789.0109890379214	58.24175822094132	5.73870475600589e-07
0.2	0.1	0.7	175.2747252767767	0.0	224.7252747241913	0.0	250.00000000036954	789.0109890044982	58.24175824677628	-569999.99999997	789.0109890044982	58.24175824677628	5.03219691267082e-07
0.2	0.2	0.6	175.27472527275773	9.310241466664593e-10	224.72527472631134	3.4843594676203793e-10	249.99999999965166	789.0109890172112	58.24175823694631	-570000.0000000291	789.0109890172112	58.24175823694631	4.3302189099110147e-07
0.2	0.3	0.5	175.27472528529267	0.0	224.72527471969207	0.0	250.00000000190647	789.0109889775504	58.241758267607054	-569999.999999846	789.0109889775504	58.241758267607054	3.624593325551592e-07
0.2	0.4	0.4	175.2747252852424	0.0	224.72527471972	0.0	250.00000000189402	789.0109889777108	58.24175826748432	-569999.9999998466	789.0109889777108	58.24175826748432	2.922034100936274e-07
0.2	0.5	0.3	175.27472526682746	3.7258161000863765e-09	224.72527472944682	1.4241123835745384e-09	249.99999999857607	789.0109890359804	58.241758222439515	-570000.000000115	789.0109890359804	58.241758222439515	2.2214168637556412e-07
0.2	0.6	0.2	175.27472526931925	2.5499389266769867e-09	224.72527472813078	9.755183327797567e-10	249.99999999902454	789.0109890280959	58.24175822853469	-570000.0000000787	789.0109890280959	58.24175822853469	1.517850973153382e-07
0.2	0.7	0.1	175.27472527688403	0.0	224.725274724126	0.0	250.00000000040825	789.0109890041462	58.24175824704113	-569999.9999999698	789.0109890041462	58.24175824704113	8.144435494772057e-08
0.2	0.8	0.0	175.27472527308896	7.762963605273399e-10	224.72527472613498	2.8551028208312346e-10	249.99999999971467	789.010989016161	58.24175823775692	-570000.0000000244	789.010989016161	58.24175823775692	1.113682562150778e-08
0.3	0.0	0.7	175.27472526589798	4.16572731865017e-09	224.72527472993636	1.5884324966464192e-09	249.9999999984118	789.0109890389195	58.24175822016635	-570000.0000001288	789.0109890389195	58.24175822016635	5.021460102411134e-07
0.3	0.1	0.6	175.27472526688248	3.7031497868156293e-09	224.72527472941454	1.4068319842408528e-09	249.9999999985934	789.010989035802	58.24175822257487	-570000.0000001148	789.010989035802	58.24175822257487	4.317756687293702e-07
0.3	0.2	0.5	175.274725270868	1.8253842881676974e-09	224.72527472730678	6.827605147918803e-10	249.99999999931748	789.0109890231871	58.241758232324486	-570000.000000057	789.0109890231871	58.241758232324486	3.6135375012874333e-07
0.3	0.3	0.4	175.27472527232143	1.1364846841388498e-09	224.7252747265422	4.2814463085960597e-10	249.99999999957208	789.0109890185923	58.24175823587903	-570000.0000000354	789.0109890185923	58.24175823587903	2.9100802567865714e-07
0.3	0.4	0.3	175.27472528235054	0.0	224.7252747212458	0.0	250.00000000137706	789.0109889868595	58.24175826041066	-569999.9999998889	789.0109889868595	58.24175826041066	2.205813127760622e-07
0.3	0.5	0.2	175.27472528451582	0.0	224.72527472010526	0.0	250.00000000175987	789.0109889800123	58.241758265706345	-569999.9999998569	789.0109889800123	58.241758265706345	1.5029722974773474e-07
0.3	0.6	0.1	175.2747252642046	4.964661570738826e-09	224.72527473083082	1.8936390233648126e-09	249.99999999810655	789.0109890442778	58.24175821602415	-570000.0000001534	789.0109890442778	58.24175821602415	8.007355897756885e-08
0.3	0.7	0.0	175.27472526891103	2.744044991231931e-09	224.72527472834506	1.0458336419105763e-09	249.99999999895442	789.010989029386	58.241758227536394	-570000.0000000849	789.010989029386	58.241758227536394	9.733026542904656e-09
0.4	0.0	0.6	175.27472526920286	2.6086723892149166e-09	224.7252747281886	9.880949392027105e-10	249.999999999012	789.0109890284592	58.241758228250774	-570000.000000081	789.0109890284592	58.241758228250774	4.3032757990964406e-07
0.4	0.1	0.5	175.27472527554528	0.0	224.72527472483404	0.0	250.0000000001652	789.0109890083836	58.24175824376622	-569999.9999999892	789.0109890083836	58.24175824376622	3.598661509766373e-07
0.4	0.2	0.4	175.27472526845122	2.9638727028213907e-09	224.7252747285851	1.122003823184059e-09	249.9999999988781	789.0109890308368	58.24175822641237	-570000.000000092	789.0109890308368	58.24175822641237	2.8967819018359935e-07
0.4	0.3	0.3	175.27472527054397	1.971756091734278e-09	224.72527472748442	7.55761675463873e-10	249.9999999992444	789.0109890242215	58.2417582315302	-570000.0000000608	789.0109890242215	58.2417582315302	2.1932015363710396e-07
0.4	0.4	0.2	175.27472527974675	0.0	224.7252747226247	0.0	250.00000000089955	789.0109889951034	58.24175825404065	-569999.9999999264	789.0109889951034	58.24175825404065	1.4893297861315712e-07
0.4	0.5	0.1	175.27472526732814	3.4910527801912394e-09	224.7252747291809	1.3305765378390788e-09	249.99999999866958	789.0109890343941	58.24175822366452	-570000.000000108	789.0109890343941	58.24175822366452	7.867816037633857e-08
0.4	0.6	0.0	175.2747252852576	0.0	224.72527471971085	0.0	250.00000000189954	789.0109889776614	58.241758267521455	-569999.9999998464	789.0109889776614	58.241758267521455	8.38178189856282e-09
0.5	0.0	0.5	175.27472525900268	7.411642855004175e-09	224.72527473358576	2.8472726398831583e-09	249.99999999715297	789.0109890607486	58.24175820329792	-570000.0000002282	789.0109890607486	58.24175820329792	3.5882068710495266e-07
0.5	0.1	0.4	175.27472528775348	0.0	224.72527471839072	0.0	250.0000000023531	789.0109889697615	58.241758273627056	-569999.9999998104	789.0109889697615	58.241758273627056	2.8797119125331085e-07
0.5	0.2	0.3	175.2747252798333	0.0	224.72527472257855	0.0	250.0000000009162	789.0109889948291	58.24175825425249	-569999.9999999251	789.0109889948291	58.24175825425249	2.1781937414727122e-07
0.5	0.3	0.2	175.27472527084404	1.8251995470563998e-09	224.72527472733094	7.131575330276974e-10	249.99999999928693	789.0109890232794	58.241758232262725	-570000.0000000555	789.0109890232794	58.241758232262725	1.4760237935516814e-07
0.5	0.4	0.1	175.2747252710385	1.7364953919241088e-09	224.7252747272251	6.711076139254146e-10	249.99999999932913	789.0109890226596	58.24175823273934	-570000.0000000532	789.0109890226596	58.24175823273934	7.727870770705053e-08
0.5	0.5	0.0	175.2747252872146	0.0	224.7252747186783	0.0	250.0000000022495	789.0109889714711	58.241758272308054	-569999.9999998177	789.0109889714711	58.241758272308054	6.988670994270345e-09
0.6	0.0	0.4	175.27472527415065	2.6923885343421716e-10	224.7252747255803	1.0800249583553523e-10	249.999999999892	789.0109890128106	58.24175824035207	-570000.000000008	789.0109890128106	58.24175824035207	2.8680191308979884e-07
0.6	0.1	0.3	175.27472527269686	9.547704848955618e-10	224.7252747263485	3.7071856695547467e-10	249.9999999996294	789.0109890174109	58.24175823679609	-570000.0000000291	789.0109890174109	58.24175823679609	2.165117195509926e-07
0.6	0.2	0.2	175.2747252639877	5.0673065743467305e-09	224.7252747309451	1.931880433403421e-09	249.99999999806832	789.0109890449639	58.241758215493604	-570000.0000001567	789.0109890449639	58.241758215493604	1.4626338349402858e-07
0.6	0.3	0.1	175.27472526650146	3.8803023016953375e-09	224.72527472961838	1.4813110738032265e-09	249.99999999851894	789.0109890370113	58.24175822164217	-570000.0000001199	789.0109890370113	58.24175822164217	7.590110549005432e-08
0.6	0.4	0.0	175.27472526383414	5.1429367431410355e-09	224.7252747310231	1.9522303773555905e-09	249.9999999980479	789.0109890454451	58.24175821511889	-570000.0000001595	789.0109890454451	58.24175821511889	5.5537304331005675e-09
0.7	0.0	0.3	175.27472527548335	0.0	224.72527472486848	0.0	250.0000000001503	789.0109890085821	58.24175824361431	-569999.9999999899	789.0109890085821	58.24175824361431	2.1508461238736603e-07
0.7	0.1	0.2	175.27472526736565	3.4707312579485006e-09	224.7252747291638	1.329681253992021e-09	249.9999999986704	789.0109890342794	58.2417582237555	-570000.000000107	789.0109890342794	58.2417582237555	1.4484788148119017e-07
0.7	0.2	0.1	175.2747252722358	1.1756355888792314e-09	224.72527472658874	4.4632031404034933e-10	249.9999999995537	789.0109890188652	58.24175823566903	-570000.0000000364	789.0109890188652	58.24175823566903	7.449208036846305e-08
0.7	0.3	0.0	175.27472526193685	6.036117383700912e-09	224.72527473202712	2.2988331238593673e-09	249.9999999977014	789.0109890514515	58.24175821047749	-570000.0000001867	789.0109890514515	58.24175821047749	4.163117528586986e-09
0.8	0.0	0.2	175.27472527586232	0.0	224.72527472466697	0.0	250.00000000022123	789.0109890073809	58.24175824454165	-569999.9999999845	789.0109890073809	58.24175824454165	1.4338654378821593e-07
0.8	0.1	0.1	175.27472526354	5.2789204119108035e-09	224.72527473118117	2.011574906646274e-09	249.99999999798854	789.0109890463796	58.24175821439876	-570000.0000001633	789.0109890463796	58.24175821439876	7.313353889241442e-08
0.8	0.2	0.0	175.2747252737669	4.6210857362893876e-10	224.72527472577104	1.502939994679764e-10	249.9999999998499	789.0109890140075	58.2417582394168	-570000.0000000155	789.0109890140075	58.2417582394168	2.784771926878611e-09
0.9	0.0	0.1	175.27472527199336	1.2892371614725562e-09	224.72527472671754	4.918092599837109e-10	249.99999999950836	789.0109890196336	58.241758235075785	-570000.0000000398	789.0109890196336	58.241758235075785	7.170959829648007e-08
0.9	0.1	0.0	175.2747252609176	6.515563200082397e-09	224.72527473256707	2.485791128492565e-09	249.99999999751446	789.010989054679	58.24175820798371	-570000.0000002014	789.010989054679	58.24175820798371	1.3875383239375264e-09
1.0	0.0	0.0	175.27472528226372	0.0	224.72527472129264	0.0	250.00000000135913	789.0109889871354	58.24175826019809	-569999.9999998901	789.0109889871354	58.24175826019809	-1.9287031854649908e-13
